%YAML:1.0
---
K: !!opencv-matrix
   rows: 3
   cols: 3
   dt: d
   data: [ 1.8115427708504619e+03, 0., 2.7838934728474544e+02, 0.,
       1.8129525372274550e+03, 1.5405698678823543e+02, 0., 0., 1. ]
D: !!opencv-matrix
   rows: 1
   cols: 5
   dt: d
   data: [ -4.6404144423834104e-01, 1.9491714325057902e+01,
       3.5282589962548622e-04, -6.3195837750851542e-03,
       -4.2859915930825377e+02 ]
