%YAML:1.0
---
K: !!opencv-matrix
   rows: 3
   cols: 3
   dt: d
   data: [ 1.6646745187253277e+03, 0., 3.6749364616029476e+02, 0.,
       1.6748761498748702e+03, 2.4446946406135902e+02, 0., 0., 1. ]
D: !!opencv-matrix
   rows: 1
   cols: 5
   dt: d
   data: [ -3.5496527320397764e-01, 6.2591040936210653e+00,
       3.3220216977119998e-03, 2.6299195907958498e-03,
       -8.0376977329120805e+01 ]
