%YAML:1.0
---
K: !!opencv-matrix
   rows: 3
   cols: 3
   dt: d
   data: [ 1.8115408078479466e+03, 0., 2.7831402987466635e+02, 0.,
       1.8129487742562533e+03, 1.5406673385037087e+02, 0., 0., 1. ]
D: !!opencv-matrix
   rows: 1
   cols: 5
   dt: d
   data: [ -4.6299438284872896e-01, 1.9420171301407166e+01,
       3.5195900107868233e-04, -6.3227846732693445e-03,
       -4.2716653950279539e+02 ]
