%YAML:1.0
---
K: !!opencv-matrix
   rows: 3
   cols: 3
   dt: d
   data: [ 1.6651130031891914e+03, 0., 3.6825692171373095e+02, 0.,
       1.6746559212462514e+03, 2.4311083693475794e+02, 0., 0., 1. ]
D: !!opencv-matrix
   rows: 1
   cols: 5
   dt: d
   data: [ -3.0222063234143826e-01, 3.6097252208191124e+00,
       2.7916228316284307e-03, 2.1085810062106375e-03,
       -4.7196000971254115e+01 ]
