%YAML:1.0
---
K: !!opencv-matrix
   rows: 3
   cols: 3
   dt: d
   data: [ 1.8237701619659786e+03, 0., 2.8099757724937763e+02, 0.,
       1.8248793428555869e+03, 1.5277817051035495e+02, 0., 0., 1. ]
D: !!opencv-matrix
   rows: 1
   cols: 5
   dt: d
   data: [ -4.7047425861468845e-01, 2.1263932922418956e+01,
       6.8191585794470579e-04, -6.8268341058281843e-03,
       -4.7935202261580588e+02 ]
